q =

    0.8571   -0.3943    0.3314
    0.4286    0.9029   -0.0343
   -0.2857    0.1714    0.9429


r =

   14.0000   21.0000  -37.4286
         0  175.0000  -55.9429
         0         0   42.3143